0,317
0,316
0,283
0,243
25,3
25,2
0,9
25,1
25,0
24,57
24,56
24,55
24,54
24,53
24,52
24,51
24,50
24,49
24,48
24,47
24,46
24,45
24,44
24,43
24,42
24,41
24,40
24,39
24,38
24,37
24,36
24,35
3,1
3,3
10,143
10,90
10,150
10,7
11,10
11,4
11,19
11,14
11,6
11,13
9,7
9,4
9,6
8,14
8,15
8,18
8,16
19,2
19,1
19,3
20,3
20,2
20,1
12,3
12,2
12,1
11,30
11,29
11,28
11,27
11,26
11,25
11,24
11,23
11,22
11,21
11,20
11,16
11,15
11,5
11,3
11,2
11,1
10,316
10,315
10,314
10,313
10,312
10,311
10,310
10,309
10,308
10,307
10,306
10,305
